26
-0.830769231	0.676923077
2.707692308	0.676923077
2.707692308	-2.225641026
3.158974359	-2.225641026
3.158974359	-1.148717949
5.702564103	-1.148717949
5.702564103	-2.779487179
3.251282051	-2.779487179
3.251282051	-3.076923077
6.246153846	-3.076923077
6.246153846	0.697435897
8.625641026	0.697435897
8.625641026	-3.620512821
3.558974359	-3.620512821
3.558974359	-4.071794872
7.251282051	-4.071794872
7.251282051	-5.917948718
4.246153846	-5.917948718
4.246153846	-4.625641026
2.246153846	-4.625641026
2.246153846	-5.917948718
-0.830769231	-5.917948718
-0.830769231	-3.158974359
0.307692308	-3.158974359
1.169230769	-3.158974359
2.246153846	-3.158974359
26
0 1
1 2
2 3
3 4
4 5
5 6
6 7
7 8
8 9
9 10
10 11
11 12
12 13
13 14
14 15
15 16
16 17
17 18
18 19
19 20
20 21
21 22
22 0
22 23
24 25
25 20
600 450
50.0 100 350